0.05 0.1 0.15 0.2 0.25 0.3 0.35 0.39
74 132 192 254 303 336 358 369
0.005 0.005 0.005 0.005 0.005 0.005 0.005 0.005
2 2 2 2 2 2 2 2
5.476 17.424 36.864 64.516 91.809 112.896 128.164 136.161
0.296 0.528 0.768 1.016 1.212 1.344 1.432 1.476
31.6 43.6 60 80.4 100 114.8 124.8 131.2
0.800399324337546 0.80076002297817 0.801438706327565 0.802581498914596 0.803990049689671 0.805254360807813 0.806205944904898 0.806855998056654
273 279 287 295 302 308 311 313
2.07318981282467 2.07638243105648 2.08073929169418 2.08520982157672 2.08921420634649 2.09271498298263 2.0944889591497 2.09568031913267
276 288 297 308 319 326 332 338
2.07477806041996 2.08129190648501 2.08634512964658 2.09271498298263 2.09929607249668 2.10359311655082 2.10734335123634 2.11115513404392
