0.4 0.8 1.2 1.6 2 2.4 2.8 3.16
0.141025641025641 0.243589743589744 0.371794871794872 0.487179487179487 0.58974358974359 0.705128205128205 0.801282051282051 0.871794871794872
0.01 0.01 0.01 0.01 0.01 0.01 0.01 0.01
0.012820512820513 0.012820512820513 0.012820512820513 0.012820512820513 0.012820512820513 0.012820512820513 0.012820512820513 0.012820512820513
0.024525 0.055917 0.093195 0.180504 0.259965 0.350217 0.445374 0.517968
0.021604 0.025532 0.0491 0.086416 0.12766 0.170868 0.213094 0.257284
0.03437 0.11293 0.263176 0.457612 0.661868 0.935846 1.150904 1.4239
0.001962 0.001962 0.001962 0.001962 0.001962 0.001962 0.001962 0.001962
0.019888231426693 0.059335963182117 0.138231426692965 0.237343852728468 0.347797501643656 0.497205785667324 0.642052925706772 0.760026298487837
0.003616042077581 0.006245890861275 0.009533201840894 0.012491781722551 0.015121630506246 0.018080210387903 0.020545693622617 0.022353714661407
